[[0.12586329 0.18432352 0.12373895 0.24758694 0.05087543 0.05023908
  0.0796987  0.0300337  0.02900162 0.07863877]
 [0.01943341 0.06545396 0.04208032 0.03747539 0.13925949 0.13925949
  0.13925949 0.13925949 0.13925949 0.13925949]
 [0.07473486 0.07473486 0.19907793 0.20304317 0.07473486 0.07473486
  0.07473486 0.07473486 0.07473486 0.07473486]
 [0.09204903 0.10218677 0.10639803 0.12034894 0.09627028 0.09620903
  0.09908548 0.0942846  0.09418734 0.09898051]]

[[7.89402534e-01 1.41088348e-02 1.76949262e-03 3.23455309e-04
  2.86674354e-02 2.93841488e-02 9.69278746e-03 5.76807306e-02
  5.89134133e-02 1.00571680e-02]
 [7.27179684e-02 1.09953693e-01 9.54097785e-02 1.14674492e-01
  1.01207345e-01 1.01207345e-01 1.01207345e-01 1.01207345e-01
  1.01207345e-01 1.01207345e-01]
 [1.61027234e-01 1.64385982e-01 1.61963824e-01 1.49585973e-01
  6.05061645e-02 6.05061645e-02 6.05061645e-02 6.05061645e-02
  6.05061645e-02 6.05061645e-02]
 [1.98683615e-01 9.52985368e-02 9.25462984e-02 9.30511988e-02
  8.63964763e-02 8.64584200e-02 8.47725887e-02 8.89398401e-02
  8.90495423e-02 8.48034838e-02]]
1=================================
[[0.36219199 0.40794158 0.04317219 0.09448496 0.01048007 0.01881377 0.03013998 0.00595863 0.00602732 0.0207895 ]
 [0.72669242 0.09276443 0.05315886 0.01427348 0.0188518  0.0188518 0.0188518  0.0188518  0.0188518  0.0188518 ]
 [0.16111385 0.16092381 0.16051466 0.16083812 0.05943493 0.05943493 0.05943493 0.05943493 0.05943493 0.05943493]
 [0.23873871 0.13255547 0.08843052 0.0895653  0.07474918 0.07537472 0.07623328 0.07441197 0.07441708 0.07552379]]

[[0.03172922 0.03969637 0.11551017 0.34346198 0.12586285 0.05834027 0.0181773  0.10916851 0.11094288 0.04711045]
 [0.0427414  0.06319577 0.10125594 0.05849087 0.122386   0.1223860.122386   0.122386   0.122386   0.122386  ]
 [0.18505244 0.18066226 0.15642413 0.06826588 0.06826588 0.06826588 0.06826588 0.06826588 0.06826588 0.06826588]
 [0.09578046 0.09811007 0.10731043 0.11824448 0.10139769 0.0947771 0.09104599 0.09971898 0.09989607 0.09371872]]
2=================================
[[0.0317525  0.03683486 0.1108907  0.09689736 0.12782691 0.10282596
  0.17112871 0.06932834 0.07537766 0.177137  ]
 [0.00736445 0.01148855 0.03999069 0.1344509  0.1344509  0.1344509
  0.1344509  0.1344509  0.1344509  0.1344509 ]
 [0.17936718 0.17936718 0.17936717 0.0659855  0.0659855  0.0659855
  0.0659855  0.0659855  0.0659855  0.0659855 ]
 [0.09205109 0.09290247 0.10293607 0.09960311 0.10273192 0.10019537
  0.10727812 0.09689465 0.09748258 0.10792462]]

[[0.00183713 0.00226329 0.00518222 0.16702349 0.09575017 0.15045413
  0.04541538 0.25507235 0.23573942 0.04126241]
 [0.08244462 0.12635603 0.10960989 0.09736992 0.09736992 0.09736992
  0.09736992 0.09736992 0.09736992 0.09736992]
 [0.17936718 0.17936718 0.17936718 0.0659855  0.0659855  0.0659855
  0.0659855  0.0659855  0.0659855  0.0659855 ]
 [0.09620977 0.10057146 0.09919041 0.1028489  0.09577365 0.1011588
  0.09107222 0.11231527 0.11016474 0.09069478]]
3=================================
[[8.85497954e-01 8.10193371e-02 8.99645370e-03 1.68687752e-03
  5.81827134e-04 2.66843466e-04 7.14575653e-03 2.94388386e-03
  4.09649847e-03 7.76456773e-03]
 [3.18046275e-01 1.71485698e-02 9.93498158e-03 1.04471211e-02
  1.45385795e-02 1.90435096e-02 1.52710241e-01 1.52710241e-01
  1.52710241e-01 1.52710241e-01]
 [1.00000000e-01 1.00000000e-01 1.00000000e-01 1.00000000e-01
  1.00000000e-01 1.00000000e-01 1.00000000e-01 1.00000000e-01
  1.00000000e-01 1.00000000e-01]
 [2.52671489e-01 8.36560591e-02 7.72832611e-02 7.67597144e-02
  7.69892929e-02 7.73125507e-02 8.89791391e-02 8.86060444e-02
  8.87082319e-02 8.90342174e-02]]

[[0.30733422 0.12686014 0.12458846 0.10772503 0.02930463 0.00347392
  0.0286243  0.14955473 0.09979657 0.02273801]
 [0.04494155 0.06744353 0.11459737 0.08728588 0.18034683 0.33647304
  0.04222795 0.04222795 0.04222795 0.04222795]
 [0.1        0.1        0.1        0.1        0.1        0.1
  0.1        0.1        0.1        0.1       ]
 [0.11596434 0.09901889 0.10356431 0.09908894 0.10055033 0.11454342
  0.08751929 0.09876958 0.09397525 0.08700564]]
4=================================
[[1.28056705e-01 1.16751845e-01 8.11078577e-02 7.48622716e-02
  8.96889226e-02 9.36262688e-02 1.65796426e-01 4.87713075e-02
  4.69962465e-02 1.54342150e-01]
 [7.32637073e-01 2.41856027e-01 1.74526022e-02 5.76093422e-04
  7.93460670e-05 1.47977160e-03 1.47977160e-03 1.47977160e-03
  1.47977160e-03 1.47977160e-03]
 [8.33603592e-02 8.33603592e-02 8.33603592e-02 1.32876959e-01
  2.00240167e-01 8.33603592e-02 8.33603592e-02 8.33603592e-02
  8.33603592e-02 8.33603592e-02]
 [1.84547576e-01 1.11700523e-01 8.61227821e-02 8.84262155e-02
  9.59532980e-02 8.58257911e-02 9.22488405e-02 8.20611414e-02
  8.19156070e-02 9.11982253e-02]]

[[0.0107058  0.00551865 0.01463857 0.0163778  0.04577017 0.17882959
  0.04837311 0.31083411 0.31017698 0.05877522]
 [0.04630219 0.05593899 0.05436671 0.07101171 0.03500648 0.14747478
  0.14747478 0.14747478 0.14747478 0.14747478]
 [0.07900759 0.09342639 0.18978438 0.16373608 0.07900759 0.07900759
  0.07900759 0.07900759 0.07900759 0.07900759]
 [0.08402503 0.0856255  0.09500113 0.09427582 0.08604611 0.10999238
  0.09653973 0.12551379 0.12543133 0.09754918]]
5=================================
[[0.0763595  0.03399665 0.01253962 0.00644244 0.10656604 0.17341971
  0.27346625 0.05838997 0.0577858  0.20103403]
 [0.01285362 0.00436962 0.00373256 0.00485874 0.16236424 0.16236424
  0.16236424 0.16236424 0.16236424 0.16236424]
 [0.16112573 0.16112247 0.16105873 0.16104397 0.05927485 0.05927485
  0.05927485 0.05927485 0.05927485 0.05927485]
 [0.0946367  0.08994472 0.08797366 0.08753613 0.1023002  0.10937314
  0.12088163 0.09748861 0.09742973 0.11243549]]

[[0.04791052 0.16255306 0.16267013 0.13407854 0.12226545 0.05981992
  0.01931497 0.12475679 0.12350506 0.04312554]
 [0.45133711 0.22694346 0.1206482  0.06465112 0.02273669 0.02273669
  0.02273669 0.02273669 0.02273669 0.02273669]
 [0.16110115 0.16110126 0.16110127 0.1611012  0.05926585 0.05926585
  0.05926585 0.05926585 0.05926585 0.05926585]
 [0.14087207 0.12622944 0.11351364 0.10430656 0.08927945 0.08387485
  0.08054539 0.08950216 0.08939019 0.08248624]]
6=================================
[[0.05984173 0.0938429  0.03605128 0.01979835 0.01682372 0.15253092
  0.24970745 0.07391139 0.06546516 0.23202711]
 [0.04182161 0.2386413  0.08973964 0.01491612 0.00383775 0.12220871
  0.12220871 0.12220871 0.12220871 0.12220871]
 [0.20544805 0.18991104 0.07558011 0.07558011 0.07558011 0.07558011
  0.07558011 0.07558011 0.07558011 0.07558011]
 [0.09981221 0.12378849 0.08979688 0.08197987 0.08083587 0.10421947
  0.11485557 0.09633959 0.09552931 0.11284273]]

[[0.03399418 0.03974049 0.12119606 0.06205198 0.03490788 0.12296812
  0.03776249 0.2523993  0.2488121  0.04616738]
 [0.00958296 0.01272849 0.04280701 0.09847234 0.14730172 0.1378215
  0.1378215  0.1378215  0.1378215  0.1378215 ]
 [0.20254964 0.20133959 0.07451385 0.07451385 0.07451385 0.07451385
  0.07451385 0.07451385 0.07451385 0.07451385]
 [0.09439579 0.09512371 0.09368018 0.09335486 0.09540139 0.10320045
  0.09477139 0.11746077 0.11704017 0.09557129]]
7=================================
[[0.06752536 0.11287515 0.08631607 0.24779232 0.44225573 0.0088824
  0.01443718 0.0035838  0.00366794 0.01266404]
 [0.04395542 0.0054329  0.00223049 0.00125227 0.00065574 0.18929464
  0.18929464 0.18929464 0.18929464 0.18929464]
 [0.14620034 0.1462041  0.14621289 0.14621631 0.14621637 0.05379
  0.05379    0.05379    0.05379    0.05379   ]
 [0.09528293 0.09593604 0.09312372 0.10933652 0.1327274  0.09474002
  0.09526775 0.09423936 0.09424729 0.09509898]]

[[0.01567913 0.01560481 0.24027061 0.23109042 0.26734484 0.0383814
  0.01173316 0.0812261  0.08189766 0.01677187]
 [0.23632372 0.08605242 0.04049345 0.03221735 0.02420128 0.11614236
  0.11614236 0.11614236 0.11614236 0.11614236]
 [0.14621558 0.14621552 0.14621413 0.14620294 0.14620331 0.05378971
  0.05378971 0.05378971 0.05378971 0.05378971]
 [0.1097693  0.09444665 0.11297207 0.11101587 0.1141955  0.09078335
  0.08839608 0.09475746 0.09482112 0.08884261]]
8=================================
[[0.18708619 0.09449365 0.06936051 0.10032658 0.07875423 0.09614841
  0.15332929 0.04258488 0.04450078 0.1334155 ]
 [0.12603299 0.17938724 0.10614325 0.03196485 0.09274528 0.09274528
  0.09274528 0.09274528 0.09274528 0.09274528]
 [0.1607894  0.16476367 0.16314817 0.14368316 0.06126927 0.06126927
  0.06126927 0.06126927 0.06126927 0.06126927]
 [0.11851073 0.11440439 0.10351814 0.09722905 0.09311765 0.09475152
  0.10032739 0.08980982 0.08998205 0.09834925]]

[[0.00755293 0.00180634 0.00425965 0.00697515 0.18178989 0.12778535
  0.04075572 0.284683   0.28493462 0.05945736]
 [0.50151866 0.24650071 0.15186155 0.01843617 0.01361382 0.01361382
  0.01361382 0.01361382 0.01361382 0.01361382]
 [0.16766098 0.15764035 0.13700184 0.16361683 0.06234667 0.06234667
  0.06234667 0.06234667 0.06234667 0.06234667]
 [0.14387617 0.10974592 0.09803686 0.08834491 0.09462965 0.08965476
  0.08218203 0.10488494 0.10491133 0.08373343]]
9=================================
[[0.00320874 0.01411055 0.02330776 0.04286488 0.07456314 0.19855622
  0.56503847 0.01390348 0.01427645 0.0501703 ]
 [0.0503125  0.10156896 0.06922387 0.05235698 0.04100867 0.03122556
  0.06061732 0.19789538 0.19789538 0.19789538]
 [0.12577478 0.12577478 0.12577477 0.12577418 0.12576596 0.12558713
  0.10673853 0.04626995 0.04626995 0.04626995]
 [0.08750518 0.09311695 0.09098624 0.09123129 0.0931061  0.10435211
  0.15213925 0.09467697 0.09471228 0.09817362]]

[[0.10405584 0.01566802 0.15027549 0.0947128  0.01687612 0.00291779
  0.00184059 0.25826741 0.26562367 0.08976227]
 [0.01424827 0.10817612 0.13924049 0.13742282 0.2175851  0.15619796
  0.04131003 0.06193974 0.06193974 0.06193974]
 [0.12340136 0.12340136 0.12340136 0.12340136 0.12340136 0.12340136
  0.12340136 0.04539682 0.04539682 0.04539682]
 [0.09403956 0.09456198 0.11160071 0.10537728 0.10562263 0.09795686
  0.0872312  0.10644347 0.10722938 0.08993695]]
10=================================
[[0.09441852 0.04356007 0.02071011 0.03395593 0.10514715 0.16010676
  0.21092888 0.06518731 0.06296076 0.20302451]
 [0.07476618 0.05926611 0.0301097  0.01398079 0.00802085 0.00401216
  0.20246105 0.20246105 0.20246105 0.20246105]
 [0.13384161 0.13384161 0.13384161 0.13384161 0.13384161 0.13384161
  0.04923758 0.04923758 0.04923758 0.04923758]
 [0.09987058 0.09345842 0.08872221 0.08846678 0.09442996 0.09936593
  0.11715248 0.10126438 0.10103916 0.11623011]]

[[0.24429433 0.01869775 0.01081546 0.00551313 0.00227775 0.0016846
  0.05437766 0.30140708 0.30070729 0.06022495]
 [0.3237772  0.22907827 0.11413021 0.03281201 0.0105448  0.02076072
  0.0672242  0.0672242  0.0672242  0.0672242 ]
 [0.13384161 0.13384161 0.13384161 0.13384161 0.13384161 0.13384161
  0.04923758 0.04923758 0.04923758 0.04923758]
 [0.14717877 0.10684215 0.09449266 0.08665213 0.08447022 0.08528698
  0.08653719 0.11078636 0.11070886 0.08704468]]
11=================================
[[0.73476504 0.04733331 0.02094893 0.01642901 0.03720259 0.02464985
  0.01383864 0.02563017 0.022321   0.05688145]
 [0.29939485 0.28822379 0.23360397 0.07431267 0.02026504 0.02026504
  0.00313953 0.02026504 0.02026504 0.02026504]
 [0.14621412 0.14621412 0.14621398 0.14620343 0.05378917 0.05378917
  0.14620851 0.05378917 0.05378917 0.05378917]
 [0.22640603 0.11258711 0.10382667 0.08813776 0.07772778 0.07675819
  0.08187082 0.07683347 0.07657964 0.07927253]]

[[0.23390467 0.01465126 0.00607333 0.00974233 0.09119184 0.19731254
  0.00752809 0.18661702 0.22343103 0.02954789]
 [0.0227257  0.14736567 0.17533871 0.18403123 0.0872424  0.0872424
  0.0343267  0.0872424  0.0872424  0.0872424 ]
 [0.14621975 0.14621975 0.14621971 0.14617046 0.05379124 0.05379124
  0.14621413 0.05379124 0.05379124 0.05379124]
 [0.1105422  0.10056295 0.10253241 0.10380262 0.09320233 0.1036369
  0.08917638 0.10253435 0.10637939 0.08763047]]
12=================================
[[0.10398539 0.05507103 0.02463543 0.03264632 0.09490594 0.45839882
  0.10206409 0.02513015 0.02205147 0.08111136]
 [0.26987725 0.05299561 0.01184501 0.01513895 0.03720615 0.06007258
  0.13821611 0.13821611 0.13821611 0.13821611]
 [0.17975485 0.17478379 0.06612811 0.06612811 0.06893784 0.17975483
  0.06612811 0.06612811 0.06612811 0.06612811]
 [0.12670567 0.09665035 0.08070963 0.08162722 0.08905902 0.14641947
  0.09895425 0.09162679 0.09134514 0.09690246]]

[[0.06564085 0.08363015 0.22124634 0.19697605 0.12798096 0.09674105
  0.01221859 0.0897178  0.08320547 0.02264275]
 [0.00327598 0.02061865 0.12184207 0.15671002 0.12188093 0.04887959
  0.13169819 0.13169819 0.13169819 0.13169819]
 [0.14321488 0.14321488 0.14315148 0.11526217 0.1011985  0.14321486
  0.05268581 0.05268581 0.05268581 0.05268581]
 [0.0911299  0.09440726 0.11986836 0.11781346 0.1047121  0.09839498
  0.08972567 0.09695588 0.09632653 0.09066587]]
13=================================
[[0.21679388 0.2162016  0.32471293 0.2027627  0.00620706 0.00619298
  0.00971468 0.00317979 0.00514485 0.00908953]
 [0.03700863 0.06473103 0.11785106 0.14984479 0.10509408 0.10509408
  0.10509408 0.10509408 0.10509408 0.10509408]
 [0.07723383 0.07723383 0.18076695 0.2013624  0.07723383 0.07723383
  0.07723383 0.07723383 0.07723383 0.07723383]
 [0.1018138  0.10461383 0.13637934 0.12724053 0.08829154 0.0882903
  0.08860178 0.08802466 0.08819781 0.08854641]]

[[0.00111179 0.00145071 0.02049102 0.15574584 0.12732208 0.12792107
  0.04181398 0.29358752 0.18028015 0.05027583]
 [0.01745884 0.03893761 0.04425478 0.04165324 0.14294925 0.14294925
  0.14294925 0.14294925 0.14294925 0.14294925]
 [0.07235263 0.13309358 0.18863624 0.17180178 0.07235263 0.07235263
  0.07235263 0.07235263 0.07235263 0.07235263]
 [0.08062452 0.08756326 0.09484667 0.10649313 0.10370015 0.10376228
  0.09520148 0.12245811 0.10933993 0.09601048]]
14=================================
[[0.67937337 0.03074373 0.0064611  0.01195591 0.03338917 0.05260653
  0.0821761  0.02023334 0.01775457 0.06530618]
 [0.06120628 0.03883704 0.0252197  0.02322157 0.14191924 0.14191924
  0.14191924 0.14191924 0.14191924 0.14191924]
 [0.08672713 0.08672713 0.08672713 0.2194558  0.08672713 0.08672713
  0.08672713 0.08672713 0.08672713 0.08672713]
 [0.16616111 0.08494117 0.08178215 0.09371744 0.09441374 0.09624567
  0.0991341  0.09317978 0.0929491  0.09747575]]

[[0.01135882 0.03450603 0.49034076 0.24002706 0.05298276 0.0260619
  0.00851029 0.06248875 0.05795289 0.01577075]
 [0.04628745 0.23465445 0.36164608 0.31249193 0.00748668 0.00748668
  0.00748668 0.00748668 0.00748668 0.00748668]
 [0.2194558  0.08672713 0.08672713 0.08672713 0.08672713 0.08672713
  0.08672713 0.08672713 0.08672713 0.08672713]
 [0.09394503 0.10164592 0.18205735 0.1349432  0.0825005  0.08030915
  0.07891189 0.08328849 0.08291156 0.07948691]]
15=================================
[[0.06364559 0.06189921 0.02908764 0.02134028 0.03761097 0.14380998
  0.25958624 0.06961369 0.07601332 0.23739308]
 [0.00048685 0.00044526 0.00088667 0.01613816 0.02309431 0.19178975
  0.19178975 0.19178975 0.19178975 0.19178975]
 [0.14695793 0.1469541  0.14687384 0.14642265 0.14247727 0.05406284
  0.05406284 0.05406284 0.05406284 0.05406284]
 [0.09084665 0.09068401 0.08778851 0.08840987 0.09013108 0.108608
  0.12193905 0.10084138 0.1014888  0.11926265]]

[[0.03121669 0.01125963 0.0323834  0.01629261 0.0003804  0.18942715
  0.05128183 0.29837682 0.30426055 0.06512091]
 [0.1304149  0.07230825 0.17528874 0.20457233 0.06052623 0.07137791
  0.07137791 0.07137791 0.07137791 0.07137791]
 [0.15876879 0.15849718 0.15702176 0.13418938 0.0994838  0.05840782
  0.05840782 0.05840782 0.05840782 0.05840782]
 [0.10160236 0.09394706 0.10620384 0.105185   0.08657896 0.10148178
  0.0883878  0.11316296 0.11383074 0.08961951]]
16=================================
[[0.02010094 0.02742421 0.02576249 0.02081251 0.12260829 0.15958605
  0.26821444 0.06775097 0.06569936 0.22204077]
 [0.01723297 0.02640973 0.04932462 0.04788185 0.14319181 0.14319181
  0.14319181 0.14319181 0.14319181 0.14319181]
 [0.1611011  0.16110129 0.16110129 0.16110101 0.05926588 0.05926588
  0.05926588 0.05926588 0.05926588 0.05926588]
 [0.08998554 0.09148264 0.09344774 0.09285223 0.10213342 0.10598077
  0.11814186 0.09668155 0.09648341 0.11281084]]

[[0.00271857 0.0059593  0.12421247 0.20630412 0.1404747  0.09448192
  0.02776613 0.17740455 0.17484976 0.04582849]
 [0.44142356 0.15178535 0.17602045 0.17595188 0.00913646 0.00913646
  0.00913646 0.00913646 0.00913646 0.00913646]
 [0.17354655 0.17326466 0.14049254 0.12963079 0.06384424 0.06384424
  0.06384424 0.06384424 0.06384424 0.06384424]
 [0.13549911 0.10172628 0.11352259 0.12189539 0.09044408 0.08637852
  0.08080374 0.09384661 0.09360716 0.08227651]]
17=================================
[[0.47811742 0.13499454 0.04552671 0.03613426 0.05480756 0.04175781
  0.07723846 0.02410326 0.0281769  0.07914308]
 [0.5335013  0.25541112 0.0444383  0.02380704 0.02380704 0.02380704
  0.02380704 0.02380704 0.02380704 0.02380704]
 [0.08933891 0.08933891 0.19594985 0.08933891 0.08933891 0.08933891
  0.08933891 0.08933891 0.08933891 0.08933891]
 [0.21197631 0.11389323 0.09382504 0.08184254 0.08338516 0.08230408
  0.0852767  0.08086379 0.08119387 0.08543928]]

[[0.1144911  0.05214789 0.07176819 0.14555337 0.07496551 0.12138601
  0.03266764 0.18122517 0.17521769 0.03057744]
 [0.08760507 0.09313736 0.17443177 0.09211797 0.09211797 0.09211797
  0.09211797 0.09211797 0.09211797 0.09211797]
 [0.19594985 0.08933891 0.08933891 0.08933891 0.08933891 0.08933891
  0.08933891 0.08933891 0.08933891 0.08933891]
 [0.11008129 0.09348465 0.10341107 0.10253286 0.09554482 0.10008462
  0.09158776 0.10625641 0.10561999 0.09139652]]
18=================================
[[0.02645715 0.06921658 0.0234589  0.11670536 0.63418809 0.03103588
  0.04838705 0.0093262  0.00971113 0.03151367]
 [0.03562046 0.00793696 0.00590858 0.01268553 0.0299426  0.18158117
  0.18158117 0.18158117 0.18158117 0.18158117]
 [0.1461908  0.14621298 0.14621571 0.14621571 0.14621582 0.0537898
  0.0537898  0.0537898  0.0537898  0.0537898 ]
 [0.0896711  0.09103524 0.08678757 0.09591734 0.1637313  0.09503897
  0.0967024  0.09299794 0.09303375 0.09508439]]

[[0.06532806 0.02203019 0.06648649 0.01485221 0.00921584 0.12553335
  0.0406983  0.2601641  0.27423151 0.12145993]
 [0.01357786 0.03660507 0.2968731  0.17827372 0.04011166 0.08691172
  0.08691172 0.08691172 0.08691172 0.08691172]
 [0.14621311 0.14620982 0.14620776 0.14621189 0.14621322 0.05378884
  0.05378884 0.05378884 0.05378884 0.05378884]
 [0.09226029 0.09040865 0.12261657 0.10342355 0.08957135 0.09613262
  0.08831356 0.1099867  0.11154487 0.09574183]]
19=================================
[[0.13454175 0.08617192 0.04876049 0.02751842 0.11899621 0.10228668
  0.16960693 0.06456299 0.06706151 0.18049311]
 [0.01609815 0.01557981 0.04147081 0.13802018 0.13147184 0.13147184
  0.13147184 0.13147184 0.13147184 0.13147184]
 [0.1        0.1        0.1        0.1        0.1        0.1
  0.1        0.1        0.1        0.1       ]
 [0.09493755 0.09040785 0.08937229 0.09636258 0.10490419 0.10316585
  0.11035011 0.09934655 0.09959508 0.11155796]]

[[0.01869814 0.01978192 0.00361355 0.00564718 0.12113242 0.16394563
  0.05007955 0.29135094 0.28364231 0.04210836]
 [0.03791353 0.14875775 0.42567107 0.29541416 0.01537392 0.01537392
  0.01537392 0.01537392 0.01537392 0.01537392]
 [0.1        0.1        0.1        0.1        0.1        0.1
  0.1        0.1        0.1        0.1       ]
 [0.08599251 0.0961768  0.12482755 0.10980542 0.09314476 0.09721919
  0.08675621 0.11042907 0.10958108 0.08606741]]
20=================================
[[0.35044444 0.11775191 0.04727394 0.03232001 0.07901495 0.06401032
  0.10800061 0.04443964 0.04149309 0.11525109]
 [0.35093959 0.22301335 0.13412667 0.14198298 0.02498957 0.02498957
  0.02498957 0.02498957 0.02498957 0.02498957]
 [0.1610462  0.16073849 0.16104023 0.1612305  0.0593241  0.0593241
  0.0593241  0.0593241  0.0593241  0.0593241 ]
 [0.17080755 0.11905803 0.10154967 0.10085065 0.08489675 0.08363242
  0.08739355 0.08201159 0.08177029 0.0880295 ]]

[[0.12015176 0.03221731 0.05801116 0.05569391 0.08589816 0.13215874
  0.0387904  0.21631826 0.22841506 0.03234525]
 [0.28437437 0.17280425 0.02727437 0.01085692 0.08411501 0.08411501
  0.08411501 0.08411501 0.08411501 0.08411501]
 [0.16053025 0.16126219 0.16120832 0.16098469 0.05933576 0.05933576
  0.05933576 0.05933576 0.05933576 0.05933576]
 [0.12949658 0.10615304 0.09416909 0.09240061 0.09256833 0.09695119
  0.08830876 0.10546373 0.10674725 0.08774142]]
21=================================
[[0.07217659 0.09740154 0.03859303 0.0232913  0.02990709 0.04135541
  0.23125165 0.11455009 0.09487507 0.25659824]
 [0.01313118 0.02890462 0.02883769 0.02054568 0.01299355 0.01882534
  0.21919048 0.21919048 0.21919048 0.21919048]
 [0.1752558  0.17521413 0.17044978 0.0922383  0.06447366 0.06447366
  0.06447366 0.06447366 0.06447366 0.06447366]
 [0.0950718  0.09904647 0.09293956 0.08394352 0.0815685  0.08299026
  0.12260707 0.10910199 0.10697638 0.12575446]]

[[0.07378556 0.10515731 0.1624526  0.12591185 0.03375032 0.00986434
  0.04317795 0.18668304 0.22689107 0.03232598]
 [0.37239923 0.03601065 0.02937448 0.03415196 0.06794434 0.08580801
  0.09357783 0.09357783 0.09357783 0.09357783]
 [0.16331184 0.16331028 0.16293004 0.14996975 0.06007968 0.06007968
  0.06007968 0.06007968 0.06007968 0.06007968]
 [0.13506588 0.09955839 0.10469205 0.10011301 0.08631819 0.08579992
  0.08939828 0.10319357 0.10742733 0.08843338]]
22=================================
[[0.03409726 0.03404165 0.03411458 0.04984554 0.12788418 0.1662624
  0.25950163 0.05136789 0.05247172 0.19041314]
 [0.00722074 0.02088964 0.03445277 0.04082965 0.02814562 0.17369232
  0.17369232 0.17369232 0.17369232 0.17369232]
 [0.19298732 0.18233059 0.12692495 0.07110816 0.07110816 0.07110816
  0.07110816 0.07110816 0.07110816 0.07110816]
 [0.09308891 0.09336454 0.08954507 0.08657691 0.0924241  0.11108688
  0.12194277 0.09902953 0.09913891 0.11380237]]

[[0.06516772 0.09815913 0.15698845 0.18768305 0.2507926  0.03809969
  0.01236455 0.08033077 0.08241036 0.02800368]
 [0.22450644 0.18680873 0.1796521  0.16086974 0.09477454 0.03067769
  0.03067769 0.03067769 0.03067769 0.03067769]
 [0.05976488 0.15541844 0.16192535 0.16220168 0.16186525 0.05976488
  0.05976488 0.05976488 0.05976488 0.05976488]
 [0.1035869  0.11344954 0.12024577 0.12172036 0.12131667 0.08305592
  0.08094573 0.08663858 0.08681894 0.0822216 ]]
23=================================
[[0.70103835 0.13325207 0.0139784  0.0039672  0.02202414 0.0236632
  0.04112322 0.01125937 0.01223866 0.03745538]
 [0.22842975 0.15901993 0.16408702 0.204985   0.04057972 0.04057972
  0.04057972 0.04057972 0.04057972 0.04057972]
 [0.1        0.1        0.1        0.1        0.1        0.1
  0.1        0.1        0.1        0.1       ]
 [0.1993891  0.10543157 0.09405272 0.09700304 0.08379673 0.08393419
  0.08541255 0.08289951 0.08298074 0.08509984]]

[[0.00324116 0.00226404 0.00266779 0.02603318 0.17222647 0.15327018
  0.04309423 0.26966622 0.2720837  0.05545303]
 [0.13992269 0.29478378 0.23620085 0.12991818 0.03319575 0.03319575
  0.03319575 0.03319575 0.03319575 0.03319575]
 [0.1        0.1        0.1        0.1        0.1        0.1
  0.1        0.1        0.1        0.1       ]
 [0.09416586 0.10983087 0.10362333 0.09537774 0.10021482 0.09833301
  0.08807457 0.11047131 0.11073869 0.08916982]]
24=================================
[[0.131604   0.12271477 0.03936966 0.0998388  0.0891753  0.09017819
  0.17326066 0.04784083 0.04860553 0.15741226]
 [0.81916395 0.03846086 0.00609485 0.00372557 0.02209246 0.02209246
  0.02209246 0.02209246 0.02209246 0.02209246]
 [0.16119212 0.16115989 0.16078232 0.16107007 0.05929927 0.05929927
  0.05929927 0.05929927 0.05929927 0.05929927]
 [0.21467584 0.0974661  0.08678345 0.09200138 0.08374162 0.08382565
  0.09108758 0.08035077 0.08041224 0.08965537]]

[[0.08587096 0.21273941 0.21993605 0.11625323 0.07044666 0.06947341
  0.01856527 0.09115984 0.09176658 0.02378858]
 [0.04507111 0.08896385 0.17593757 0.16100238 0.08817085 0.08817085
  0.08817085 0.08817085 0.08817085 0.08817085]
 [0.20721845 0.18293028 0.07623141 0.07623141 0.07623141 0.07623141
  0.07623141 0.07623141 0.07623141 0.07623141]
 [0.10332375 0.11962242 0.11813308 0.10491954 0.0931821  0.09309146
  0.08847096 0.09513233 0.09519007 0.08893428]]
25=================================
[[0.36171092 0.17527208 0.08259984 0.04873254 0.05459298 0.04125377
  0.0836438  0.02612244 0.03487474 0.09119689]
 [0.06214715 0.72931757 0.16379245 0.0151039  0.00493982 0.00493982
  0.00493982 0.00493982 0.00493982 0.00493982]
 [0.1        0.1        0.1        0.1        0.1        0.1
  0.1        0.1        0.1        0.1       ]
 [0.12012867 0.19427894 0.1005945  0.08380911 0.08344921 0.08234345
  0.08590903 0.08110686 0.08181985 0.08656037]]

[[0.05723387 0.24520931 0.19871569 0.11825291 0.05794598 0.08447233
  0.02295391 0.10085261 0.09609802 0.01826538]
 [0.04537745 0.13439978 0.17339719 0.15246457 0.0823935  0.0823935
  0.0823935  0.0823935  0.0823935  0.0823935 ]
 [0.1        0.1        0.1        0.1        0.1        0.1
  0.1        0.1        0.1        0.1       ]
 [0.09025313 0.11905864 0.11816948 0.10677507 0.09372327 0.09624267
  0.09050041 0.09783214 0.09736809 0.09007709]]
26=================================
[[0.05944358 0.30790885 0.1388003  0.40142856 0.01358918 0.013742
  0.02640271 0.00729033 0.00740686 0.02398762]
 [0.16341209 0.02873775 0.02050922 0.02554089 0.12696668 0.12696668
  0.12696668 0.12696668 0.12696668 0.12696668]
 [0.17329716 0.16149315 0.12976353 0.15292611 0.06375334 0.06375334
  0.06375334 0.06375334 0.06375334 0.06375334]
 [0.10905989 0.12076954 0.09798529 0.13105799 0.09002195 0.09003571
  0.09118287 0.0894567  0.08946712 0.09096292]]

[[0.1276974  0.20856114 0.24052532 0.15952712 0.05086526 0.05016254
  0.01340486 0.065821   0.06625908 0.01717629]
 [0.21650227 0.17747886 0.16076839 0.10148884 0.05729361 0.05729361
  0.05729361 0.05729361 0.05729361 0.05729361]
 [0.16124999 0.16086177 0.16076652 0.16119346 0.05932138 0.05932138
  0.05932138 0.05932138 0.05932138 0.05932138]
 [0.12089766 0.12601444 0.12793917 0.11124157 0.08622628 0.0861657
  0.08305596 0.08752554 0.0875639  0.08336979]]
27=================================
[[0.10232517 0.11483598 0.05816812 0.07977324 0.11195479 0.09182685
  0.17261567 0.05288593 0.04980315 0.1658111 ]
 [0.1        0.1        0.1        0.1        0.1        0.1
  0.1        0.1        0.1        0.1       ]
 [0.1        0.1        0.1        0.1        0.1        0.1
  0.1        0.1        0.1        0.1       ]
 [0.10014735 0.10140814 0.09582135 0.09791411 0.10111639 0.09910147
  0.10744006 0.09531654 0.09502315 0.10671145]]

[[0.09019537 0.07311368 0.15520535 0.12682703 0.07678182 0.10664439
  0.0278682  0.15668504 0.15563966 0.03103945]
 [0.1        0.1        0.1        0.1        0.1        0.1
  0.1        0.1        0.1        0.1       ]
 [0.1        0.1        0.1        0.1        0.1        0.1
  0.1        0.1        0.1        0.1       ]
 [0.09891859 0.09724324 0.10556292 0.10260933 0.0976006  0.10055916
  0.09294148 0.10571923 0.10560878 0.09323668]]
28=================================
[[0.08996108 0.11800242 0.05359438 0.06432452 0.07583974 0.12952191
  0.21687639 0.0448927  0.04727437 0.15971248]
 [0.1        0.1        0.1        0.1        0.1        0.1
  0.1        0.1        0.1        0.1       ]
 [0.1        0.1        0.1        0.1        0.1        0.1
  0.1        0.1        0.1        0.1       ]
 [0.09885866 0.10167002 0.09532808 0.09635647 0.09747245 0.10284798
  0.1122363  0.09450217 0.09472751 0.10600036]]

[[0.11988445 0.08464912 0.13646305 0.14157924 0.13536543 0.07198755
  0.02119266 0.11757324 0.12481662 0.04648864]
 [0.1        0.1        0.1        0.1        0.1        0.1
  0.1        0.1        0.1        0.1       ]
 [0.1        0.1        0.1        0.1        0.1        0.1
  0.1        0.1        0.1        0.1       ]
 [0.101929   0.09840003 0.10363292 0.10416449 0.10351923 0.09716199
  0.0923499  0.10169369 0.10243297 0.09471578]]
29=================================
[[0.09964113 0.10748716 0.0954311  0.0677345  0.11166523 0.07782833
  0.13935896 0.07586099 0.06259372 0.16239888]
 [0.1        0.1        0.1        0.1        0.1        0.1
  0.1        0.1        0.1        0.1       ]
 [0.1        0.1        0.1        0.1        0.1        0.1
  0.1        0.1        0.1        0.1       ]
 [0.09991797 0.10070501 0.0994982  0.09678025 0.10112665 0.09776208
  0.10396636 0.09756994 0.096284   0.10638955]]

[[0.08662009 0.07349117 0.09459095 0.16239921 0.06735493 0.13512862
  0.03855235 0.14030251 0.17633721 0.02522296]
 [0.1        0.1        0.1        0.1        0.1        0.1
  0.1        0.1        0.1        0.1       ]
 [0.1        0.1        0.1        0.1        0.1        0.1
  0.1        0.1        0.1        0.1       ]
 [0.09855284 0.09726741 0.09934153 0.10631135 0.09667238 0.10345135
  0.09392768 0.10398798 0.10780349 0.09268399]]
30=================================
[[0.12632159 0.06830776 0.0172138  0.01779195 0.04775987 0.18608947
  0.45266994 0.01771525 0.01645994 0.04967044]
 [0.07096592 0.13362174 0.09952018 0.05256444 0.02948697 0.01706283
  0.00934837 0.19580985 0.19580985 0.19580985]
 [0.12071341 0.06296949 0.06296949 0.09662102 0.13696947 0.16028305
  0.17056561 0.06296949 0.06296949 0.06296949]
 [0.10096403 0.09574251 0.08792348 0.08681165 0.09101094 0.10565708
  0.13828922 0.09685916 0.09673765 0.1000043 ]]

[[0.23550615 0.09089169 0.02744739 0.00679793 0.01622878 0.01501441
  0.01356342 0.27132321 0.2803399  0.04288711]
 [0.1085708  0.25280815 0.2142375  0.10979297 0.05672569 0.0586774
  0.10363642 0.03185036 0.03185036 0.03185036]
 [0.10306503 0.05376331 0.13539224 0.1456288  0.14469769 0.13494107
  0.12122193 0.05376331 0.05376331 0.05376331]
 [0.11530966 0.10972118 0.10750704 0.0958418  0.09166415 0.09084113
  0.09358789 0.10536348 0.10631781 0.08384585]]
31=================================
[[0.00766301 0.02750481 0.04212613 0.20700255 0.69869971 0.00340425
  0.00507581 0.00197628 0.00173997 0.0048075 ]
 [0.625408   0.18768312 0.04441751 0.01121835 0.00974492 0.02430562
  0.02430562 0.02430562 0.02430562 0.02430562]
 [0.08311921 0.08311921 0.08311921 0.12148491 0.2135614  0.08311921
  0.08311921 0.08311921 0.08311921 0.08311921]
 [0.14531563 0.09568151 0.08413148 0.09972573 0.17852416 0.0793245
  0.0794572  0.07921131 0.07919259 0.07943589]]

[[0.00412512 0.00834843 0.07068776 0.21161548 0.24104666 0.06970592
  0.025209   0.16236455 0.17756773 0.02932936]
 [0.47897144 0.19913273 0.04823387 0.01683911 0.0128676  0.04879105
  0.04879105 0.04879105 0.04879105 0.04879105]
 [0.07670611 0.18926714 0.19708397 0.07670611 0.07670611 0.07670611
  0.07670611 0.07670611 0.07670611 0.07670611]
 [0.12878703 0.10941038 0.10092352 0.09983493 0.10240933 0.08943933
  0.0855468  0.09812274 0.09962592 0.08590001]]
32=================================
[[0.07862582 0.26542078 0.06214537 0.06310363 0.02763057 0.11503177
  0.1773933  0.03715668 0.0396763  0.13381578]
 [0.72238288 0.09271217 0.00951532 0.00548018 0.00406035 0.03316982
  0.03316982 0.03316982 0.03316982 0.03316982]
 [0.23188498 0.08534611 0.08534611 0.08534611 0.08534611 0.08534611
  0.08534611 0.08534611 0.08534611 0.08534611]
 [0.19976903 0.11080227 0.0832023  0.08294669 0.07994231 0.08982074
  0.09560044 0.08309137 0.08330099 0.09152388]]

[[0.03004703 0.05315122 0.19428884 0.16307954 0.05977721 0.07237042
  0.02393134 0.1720201  0.18045698 0.05087733]
 [0.1477953  0.06367712 0.05518372 0.06171959 0.08052817 0.11821922
  0.11821922 0.11821922 0.11821922 0.11821922]
 [0.23188498 0.08534611 0.08534611 0.08534611 0.08534611 0.08534611
  0.08534611 0.08534611 0.08534611 0.08534611]
 [0.11132266 0.09045749 0.10328831 0.10077102 0.09260629 0.09738199
  0.09277732 0.10758605 0.10849758 0.09531129]]
33=================================
[[0.2984289  0.11095322 0.02726892 0.04749118 0.10795313 0.0843781
  0.13733441 0.03204474 0.03771092 0.11643648]
 [0.00870959 0.00787666 0.008276   0.0079996  0.00503677 0.19242028
  0.19242028 0.19242028 0.19242028 0.19242028]
 [0.17250237 0.17215597 0.16434128 0.11019838 0.063467   0.063467
  0.063467   0.063467   0.063467   0.063467  ]
 [0.11912993 0.09864818 0.09005856 0.08703089 0.08797308 0.10363129
  0.10926713 0.09834738 0.09890622 0.10700736]]

[[0.0166608  0.07525578 0.21428379 0.2279517  0.24877901 0.03818687
  0.01199238 0.07145029 0.07683663 0.01860275]
 [0.19041023 0.23165505 0.27147073 0.24472974 0.03932067 0.00448272
  0.00448272 0.00448272 0.00448272 0.00448272]
 [0.0796896  0.0796896  0.0796896  0.14588807 0.21659514 0.0796896
  0.0796896  0.0796896  0.0796896  0.0796896 ]
 [0.09681366 0.1069785  0.12792851 0.13490853 0.12038829 0.08213684
  0.08001324 0.08491494 0.08537356 0.08054391]]
34=================================
[[0.06328343 0.07251049 0.04763784 0.14735484 0.43776839 0.04890697
  0.07779886 0.01994145 0.01972657 0.06507116]
 [0.00453674 0.00523383 0.00747754 0.00602541 0.00580701 0.1941839
  0.1941839  0.1941839  0.1941839  0.1941839 ]
 [0.1        0.1        0.1        0.1        0.1        0.1
  0.1        0.1        0.1        0.1       ]
 [0.08705744 0.08792571 0.08595839 0.09483402 0.12676353 0.10373492
  0.10677574 0.10077329 0.10075163 0.10542534]]

[[0.73718187 0.21175713 0.00308833 0.00084526 0.00096755 0.00789123
  0.00261725 0.0157706  0.01569261 0.00418817]
 [0.0236919  0.11114267 0.18754384 0.09129617 0.0206288  0.11313932
  0.11313932 0.11313932 0.11313932 0.11313932]
 [0.1        0.1        0.1        0.1        0.1        0.1
  0.1        0.1        0.1        0.1       ]
 [0.1712035  0.11048491 0.09679654 0.08771742 0.08174262 0.09028846
  0.08981354 0.09100269 0.09099559 0.08995474]]
35=================================
[[0.04137737 0.04637415 0.03802025 0.0393726  0.13592701 0.12861174
  0.21766087 0.0711785  0.06718363 0.21429386]
 [0.00042158 0.00129264 0.00282482 0.00928638 0.16436243 0.16436243
  0.16436243 0.16436243 0.16436243 0.16436243]
 [0.1673091  0.16728981 0.16604865 0.13005233 0.06155002 0.06155002
  0.06155002 0.06155002 0.06155002 0.06155002]
 [0.09091696 0.09145025 0.09071586 0.08819496 0.10591935 0.10514735
  0.11494018 0.09927854 0.09888273 0.11455383]]

[[0.03183305 0.01030226 0.01348884 0.05981335 0.13175278 0.14545604
  0.04380756 0.2580043  0.25983646 0.04570535]
 [0.33605278 0.19618029 0.23243977 0.19636577 0.00649356 0.00649356
  0.00649356 0.00649356 0.00649356 0.00649356]
 [0.20315844 0.19893475 0.07473835 0.07473835 0.07473835 0.07473835
  0.07473835 0.07473835 0.07473835 0.07473835]
 [0.13005028 0.1101997  0.10124505 0.1022882  0.09090923 0.09216356
  0.08325568 0.10314266 0.10333181 0.08341383]]
36=================================
[[0.056983   0.14189971 0.1098963  0.08962182 0.09770284 0.09316173
  0.16330912 0.04501495 0.05019967 0.15221086]
 [0.16588904 0.05459699 0.01514635 0.01134319 0.12550407 0.12550407
  0.12550407 0.12550407 0.12550407 0.12550407]
 [0.22058526 0.13016501 0.08115622 0.08115622 0.08115622 0.08115622
  0.08115622 0.08115622 0.08115622 0.08115622]
 [0.11509823 0.10241062 0.09078804 0.08862818 0.10015228 0.0996985
  0.10694322 0.09501207 0.09550596 0.1057629 ]]

[[2.03132945e-04 1.12447011e-03 8.18534978e-03 6.53547051e-02
  1.46043877e-01 1.58138964e-01 4.53521964e-02 2.58413590e-01
  2.62443553e-01 5.47401616e-02]
 [6.05150993e-02 6.92624227e-02 1.78913648e-01 2.45229580e-01
  7.43465418e-02 7.43465418e-02 7.43465418e-02 7.43465418e-02
  7.43465418e-02 7.43465418e-02]
 [6.77946567e-02 1.60000297e-01 1.81169002e-01 1.84268104e-01
  6.77946567e-02 6.77946567e-02 6.77946567e-02 6.77946567e-02
  6.77946567e-02 6.77946567e-02]
 [8.37292776e-02 9.27087640e-02 1.06414710e-01 1.20774867e-01
  9.82250128e-02 9.94202666e-02 8.88162132e-02 1.09906566e-01
  1.10350379e-01 8.96539429e-02]]
37=================================
[[0.15400692 0.32531636 0.39216007 0.0142195  0.0191026  0.01490976
  0.02661868 0.01279555 0.01181219 0.02905836]
 [0.04305625 0.14465591 0.46040194 0.05026942 0.05026942 0.05026942
  0.05026942 0.05026942 0.05026942 0.05026942]
 [0.17936718 0.17936717 0.17936715 0.0659855  0.0659855  0.0659855
  0.0659855  0.0659855  0.0659855  0.0659855 ]
 [0.10270735 0.13493495 0.19782494 0.0803127  0.08070583 0.08036816
  0.08131471 0.08019842 0.0801196  0.08151334]]

[[0.01053348 0.05019201 0.84384358 0.0177245  0.01048893 0.01652663
  0.00467309 0.02029127 0.02205574 0.00367077]
 [0.14724349 0.31593179 0.14836715 0.05549394 0.05549394 0.05549394
  0.05549394 0.05549394 0.05549394 0.05549394]
 [0.18220194 0.18199962 0.1666     0.06702835 0.06702835 0.06702835
  0.06702835 0.06702835 0.06702835 0.06702835]
 [0.09795645 0.1206227  0.22215045 0.08022145 0.07964309 0.08012541
  0.07918125 0.08042762 0.08056966 0.07910192]]
38=================================
[[0.02999494 0.05010788 0.02383372 0.07449937 0.09992789 0.15255725
  0.26193194 0.05715225 0.05522132 0.19477344]
 [0.01346519 0.0214591  0.02745634 0.13394562 0.13394562 0.13394562
  0.13394562 0.13394562 0.13394562 0.13394562]
 [0.17936718 0.17936718 0.17936718 0.0659855  0.0659855  0.0659855
  0.0659855  0.0659855  0.0659855  0.0659855 ]
 [0.09230967 0.09494101 0.09303528 0.09719819 0.09970148 0.10508924
  0.11723549 0.09552662 0.09534234 0.10962069]]

[[0.00038656 0.00575176 0.15977237 0.18083542 0.16044351 0.09123593
  0.02495245 0.16377429 0.15865029 0.05419743]
 [0.12464106 0.25714055 0.22744914 0.05582418 0.05582418 0.05582418
  0.05582418 0.05582418 0.05582418 0.05582418]
 [0.17953173 0.17953173 0.1786143  0.06604603 0.06604603 0.06604603
  0.06604603 0.06604603 0.06604603 0.06604603]
 [0.09973903 0.11448248 0.12951977 0.09955432 0.09754477 0.09102224
  0.08518458 0.09787021 0.09737001 0.08771258]]
39=================================
[[0.14253546 0.06902763 0.02046275 0.02911724 0.04286203 0.1324891
  0.22228768 0.06032396 0.07313859 0.20775556]
 [0.06797978 0.02391093 0.00731144 0.00711094 0.03528267 0.17168085
  0.17168085 0.17168085 0.17168085 0.17168085]
 [0.15297672 0.15292575 0.15233214 0.14646117 0.11391335 0.05627818
  0.05627818 0.05627818 0.05627818 0.05627818]
 [0.10606617 0.09429569 0.08829447 0.08852284 0.08935608 0.10574381
  0.11567886 0.09838164 0.09965048 0.11400996]]

[[0.00513072 0.0025802  0.00521821 0.03898683 0.02463426 0.17730419
  0.05463093 0.31099957 0.31504538 0.06546972]
 [0.16100394 0.12385524 0.13535985 0.21021894 0.22406994 0.02909842
  0.02909842 0.02909842 0.02909842 0.02909842]
 [0.17966563 0.17965291 0.17800466 0.06609669 0.06609669 0.06609669
  0.06609669 0.06609669 0.06609669 0.06609669]
 [0.10433167 0.10026964 0.10153031 0.10119781 0.10114706 0.09695761
  0.08576411 0.11082688 0.11127617 0.08669875]]
40=================================
[[0.56375684 0.2273922  0.04835121 0.0733506  0.01178294 0.01496016
  0.02562782 0.00650471 0.00636884 0.02190469]
 [0.21975984 0.16806135 0.16233777 0.26201263 0.03130473 0.03130473
  0.03130473 0.03130473 0.03130473 0.03130473]
 [0.16145249 0.16145247 0.16144093 0.15928379 0.05939505 0.05939505
  0.05939505 0.05939505 0.05939505 0.05939505]
 [0.18279171 0.12400032 0.10308027 0.1165156  0.07871714 0.07896763
  0.07981454 0.07830274 0.0782921  0.07951794]]

[[0.00262405 0.01546731 0.13671223 0.06729634 0.16786209 0.12029847
  0.03545384 0.20157152 0.1991852  0.05352894]
 [0.0195495  0.01238697 0.00612403 0.0089392  0.15883338 0.15883338
  0.15883338 0.15883338 0.15883338 0.15883338]
 [0.20230582 0.20230097 0.07442415 0.07442415 0.07442415 0.07442415
  0.07442415 0.07442415 0.07442415 0.07442415]
 [0.0923096  0.09283503 0.09164563 0.08574078 0.11014398 0.10502777
  0.09648429 0.11392016 0.11364864 0.09824411]]
41=================================
[[0.06668366 0.03337778 0.02879187 0.02021587 0.12753031 0.13941911
  0.23918098 0.06524678 0.06662664 0.21292701]
 [0.00841206 0.00463448 0.0090452  0.09831739 0.14659848 0.14659848
